[disk_element.48]
n = 48
m = 51.5252611115262
Id = 0.4235805840543383
Ip = 0.8050822048675969
