[Materials.Steel]
name = "Steel"
rho = 7810.0
E = 211000000000.0
G_s = 81200000000.0
Poisson = 0.2992610837438423
specific_heat = 434.0
thermal_conductivity = 60.5
color = "#525252"

[Materials.AISI4140]
name = "AISI4140"
rho = 7850.0
E = 203200000000.0
G_s = 80000000000.0
Poisson = 0.27
specific_heat = 473.0
thermal_conductivity = 42.6
color = "#525252"

[Materials.A216WCB]
name = "A216WCB"
rho = 7820.0
E = 210000000000.0
G_s = 81395348837.2093
Poisson = 0.29000000000000004
specific_heat = 470.0
thermal_conductivity = 51.0
color = "#525252"

[Materials.brass]
name = "brass"
rho = 8600.0
E = 105000000000.0
G_s = 39300000000.0
Poisson = 0.34
specific_heat = 380.0
thermal_conductivity = 109.0
color = "#525252"
